MALABAR INTERNATIONAL SCHOOL KOTTAKKAL,,,,,,,,,,,,
ANNUAL EXAM MARK LIST 2022-2023 CLASS:7A,,,,,,,,,,,,
SL NO,Ad No,Name,MAL/ARA,ENGLISH,MAL II,SS,BS,PET,MATHS,HINDI,CE,TOTAL
1,3499,AAMISH MOHAMMED .KT,72,72,64,63,45,67,37,56,6,482
2,3396,ANNA JABIN .K,84,96,92,100,68,40,63,92,76,711
3,3377,ANSHAD MUHAMMED .C,76,88,40,60,28,54,30,60,6,442
4,3835,AYISHA NISHMI,100,72,64,70,35,20,30,56,42,489
5,3363,BINSHID BIN MUHAMMED,96,76,52,55,55,67,40,76,6,523
6,3391,DILSHINA BINSI .K,88,100,92,55,23,27,57,68,64,574
7,3403,DIYA FATHIMA,84,100,80,85,55,54,60,92,72,682
8,3542,FAIHA K,AB,AB,AB,AB,AB,AB,AB,AB,AB,AB
9,4195,FATHIMA FAIHA K,84,80,64,55,10,7,33,76,36,445
10,3517,FATHIMA HANOONA .P,96,100,80,85,50,47,57,96,86,697
11,3452,FATHIMA HIBA .K,72,60,40,70,23,20,70,92,22,469
12,3401,FATHIMA NASRIN .M,100,92,92,70,55,60,40,92,72,673
13,4979,"FATHIMA 
 RIFA BIYYATHIYIL",96,96,64,100,60,34,53,84,62,649
14,3392,FATHIMA SHAHMA .C,100,88,68,90,30,40,40,80,54,590
15,3467,FATHIMA SHENZA .KK,88,96,88,93,50,54,57,80,72,678
16,3373,FATHIMA SIYA,88,80,56,85,53,34,50,64,56,566
17,4121,HIFA RAHMAN .K,100,100,80,98,95,80,83,100,92,828
18,3330,HISAMULLA .K,80,76,80,73,65,67,77,84,8,610
19,3376,HISHAM .T,96,96,68,93,55,67,40,96,54,665
20,3414,HISHAM MOHAMMED,100,88,88,80,68,40,60,92,45,661
21,3729,HUDHA P.K,92,100,92,98,85,54,63,92,84,760
22,3431,JASLA,100,100,80,98,55,87,77,88,76,761
23,4343,LISNA FATHIMA C,88,92,64,30,25,34,53,88,18,492
24,3402,MINNAH PK,92,100,80,100,100,60,83,100,98,813
25,3536,MISHAL MOHAMMED,68,84,55,38,28,60,17,68,12,430
26,3329,MOHAMMED AMDAN .P,96,100,72,80,65,67,53,92,66,691
27,3498,MOHAMMED NIDHAN .K,92,84,80,63,68,40,70,80,38,615
28,3501,MOHAMMED NIHAL .C,92,80,40,55,68,40,63,84,16,538
29,3526,MOHAMMED RIDWAN .M,96,72,40,50,50,40,67,80,22,517
30,3338,MOHAMMED SAHAL,96,96,88,83,65,40,80,80,40,668
31,3441,MOHAMMED SHAMIL,60,72,40,50,53,40,67,88,12,482
32,3480,MOHAMMED ZIYAN,96,88,56,55,43,47,70,92,30,577
33,4024,NADISH MOHAMMED MC,70,88,44,55,25,74,53,68,48,525
34,3520,NIHALA FATHIMA C,88,88,76,50,23,47,53,68,44,537
35,3390,RAIZA RAFEEQUE,84,76,76,40,15,20,33,80,28,452
36,3352,SANA .OP,80,68,64,53,43,40,30,48,28,454
37,4413,SHAHINSHA M,AB,AB,AB,AB,AB,AB,AB,AB,AB,AB
38,3540,SHASILA FATHIMA C,88,100,80,83,50,47,50,88,30,616